******* Reduced ionic position : 10
0.075244818200000	0.999999998200000	0.000000024100000	
0.574852287200000	0.500000005400000	0.999999988100000	
0.074852214700000	0.500000001900000	0.000000051700000	
0.575244869400000	0.999999995500000	0.000000002700000	
0.012623599300000	0.000000001300000	0.499999995200000	
0.012626908500000	0.499999999000000	0.499999994100000	
0.512623562200000	0.999999998800000	0.500000012200000	
0.512626885400000	0.500000001000000	0.500000005800000	
0.261505441500000	0.250059539800000	0.246788209300000	
0.261505456500000	0.250059543800000	0.753211829800000	
0.261505339300000	0.749940459300000	0.246788235200000	
0.261505508100000	0.749940455500000	0.753211806500000	
0.761505943000000	0.250059545600000	0.246788236900000	
0.761505879400000	0.250059541300000	0.753211737100000	
0.761506045600000	0.749940454300000	0.246788252900000	
0.761505856600000	0.749940458700000	0.753211735100000	
0.233259165600000	0.999999990700000	0.236802625200000	
0.233259218200000	0.000000008200000	0.763197358200000	
0.233030224300000	0.500000009500000	0.236521895300000	
0.233030213400000	0.499999991800000	0.763478088200000	
0.733259249800000	0.000000004100000	0.236802665500000	
0.733259203900000	0.000000005500000	0.763197347700000	
0.733030340100000	0.499999996200000	0.236521936700000	
0.733030349100000	0.499999993800000	0.763478079200000	
0.215669697600000	0.249884578300000	0.000000051600000	
0.243196783600000	0.250135398700000	0.499999951100000	
0.215669691700000	0.750115421300000	0.000000038800000	
0.243196734800000	0.749864601600000	0.499999938800000	
0.715670025900000	0.249884579400000	0.999999980900000	
0.743196670300000	0.250135388700000	0.500000042600000	
0.715670027900000	0.750115422100000	0.999999961100000	
0.743196689000000	0.749864610500000	0.500000042800000	
0.997079448800000	0.250186894400000	0.252618340200000	
0.997079399000000	0.250186847600000	0.747381616900000	
0.997079473300000	0.749813107200000	0.252618329700000	
0.997079407900000	0.749813150500000	0.747381660400000	
0.497079355600000	0.250186905700000	0.252618110900000	
0.497079326600000	0.250186933100000	0.747381873700000	
0.497079356700000	0.749813094400000	0.252618115600000	
0.497079332200000	0.749813067200000	0.747381832800000	
******* Lattice unit vectors
8.456881431999999	0.000000000000000	0.000000000000000
0.000000000000000	8.267349103000001	0.000000000000000
0.000000000000000	0.000000000000000	8.239319174000000
******* Lattice lengths (A)
1.000 1.000 1.000
******* Ionic forces (eV/A)
-0.010712500968885	-0.000000000000000	-0.000003085323692	
-0.001508723285381	0.000000771330923	0.000003599544307	
-0.001506923513228	0.000000000000000	-0.000002828213384	
-0.010713786520424	-0.000000771330923	0.000003599544307	
-0.005008251683017	0.000002056882461	0.000004627985538	
-0.004905664670259	-0.000002056882461	0.000004627985538	
-0.005010051455171	-0.000000257110308	-0.000004627985538	
-0.004908235773335	0.000000257110308	-0.000004885095846	
0.008425247671892	-0.002822556957552	0.001106859874500	
0.008412649266817	-0.002823328288475	-0.001108659646654	
0.008451472923274	0.002822814067860	0.001101203447732	
0.008399536641126	0.002823328288475	-0.001103003219885	
0.008291036091291	-0.002823842509091	0.001089119263271	
0.008302863165444	-0.002824099619398	-0.001087062380810	
0.008265325060524	0.002824099619398	0.001084491277733	
0.008312890467443	0.002824099619398	-0.001085519718964	
-0.002259999604380	0.000003085323692	-0.000787528872380	
-0.002256400060073	-0.000002828213384	0.000788557313610	
0.006682039785920	-0.000003342434000	0.000686741631775	
0.006685125109612	0.000002571103077	-0.000685713190544	
-0.002234288573614	-0.000002828213384	-0.000784186438380	
-0.002240716331305	-0.000001028441231	0.000784186438380	
0.006707493706379	0.000002828213384	0.000690084065774	
0.006701580169303	0.000001028441231	-0.000690084065774	
-0.007517391175525	0.000253510763358	-0.000010798632922	
-0.001831653831809	-0.001212017990335	0.000010541522614	
-0.007516876954910	-0.000253510763358	-0.000012084184460	
-0.001831910942117	0.001212017990335	0.000015426618460	
-0.007495022578758	0.000253767873666	0.000006170647384	
-0.001813656110273	-0.001211760880028	-0.000010027301999	
-0.007493737027220	-0.000254024983974	0.000011569963845	
-0.001811856338119	0.001211760880028	-0.000012598405076	
-0.000371781504884	-0.003928388390822	-0.001043867849122	
-0.000365353747193	-0.003928645501130	0.001044639180045	
-0.000367924850269	0.003928388390822	-0.001043867849122	
-0.000369210401808	0.003928645501130	0.001043353628507	
-0.000395435653190	-0.003928388390822	-0.001046181841891	
-0.000395435653190	-0.003928131280514	0.001046696062506	
-0.000402891852112	0.003928388390822	-0.001045667621276	
-0.000392093219190	0.003928131280514	0.001046438952199	
******* Total energy (eV/supercell)
-27362.531212066722219
******* Stress (GPa)
0.078000000000000	0.000000000000000	0.000000000000000	
0.000000000000000	-0.133000000000000	0.000000000000000	
0.000000000000000	0.000000000000000	0.018000000000000	
******* Weight 
10.000000000000000
******* Reduced ionic position : 11
0.075192399900000	0.999999998100000	0.000000020900000	
0.574846538200000	0.500000011900000	0.999999999400000	
0.074846470700000	0.500000002100000	0.000000048900000	
0.575192447900000	0.999999988900000	0.000000014800000	
0.012598136500000	0.000000010600000	0.500000016600000	
0.012601972500000	0.499999989700000	0.500000015400000	
0.512598088000000	0.999999997500000	0.499999990700000	
0.512601936000000	0.500000002200000	0.499999983900000	
0.261546201700000	0.250042211600000	0.246792864900000	
0.261546164400000	0.250042212500000	0.753207177200000	
0.261546194600000	0.749957787700000	0.246792870000000	
0.261546168700000	0.749957787000000	0.753207175000000	
0.761546213600000	0.250042213000000	0.246792808700000	
0.761546189700000	0.250042207400000	0.753207167500000	
0.761546225000000	0.749957786900000	0.246792806400000	
0.761546207100000	0.749957792400000	0.753207171200000	
0.233249676200000	0.000000003300000	0.236799225900000	
0.233249751100000	0.999999997600000	0.763200762700000	
0.233066281400000	0.499999996700000	0.236526042100000	
0.233066290800000	0.500000002000000	0.763473946900000	
0.733249897300000	0.999999991500000	0.236799278800000	
0.733249818600000	0.000000002400000	0.763200732300000	
0.733066533600000	0.500000008700000	0.236526095900000	
0.733066513200000	0.499999997000000	0.763473918000000	
0.215631404700000	0.249886443200000	0.000000014600000	
0.243187290200000	0.250129520700000	0.499999990200000	
0.215631397500000	0.750113556700000	0.999999992800000	
0.243187232100000	0.749870479700000	0.499999996800000	
0.715631854600000	0.249886445800000	0.000000003500000	
0.743187279900000	0.250129512700000	0.500000005300000	
0.715631865900000	0.750113555700000	0.000000003600000	
0.743187307800000	0.749870486500000	0.499999993300000	
0.997076629300000	0.250166865600000	0.252613645200000	
0.997076599200000	0.250166817400000	0.747386305300000	
0.997076678000000	0.749833136200000	0.252613636100000	
0.997076592500000	0.749833180500000	0.747386349900000	
0.497076408700000	0.250166876100000	0.252613409200000	
0.497076372200000	0.250166904600000	0.747386577400000	
0.497076376200000	0.749833124000000	0.252613413500000	
0.497076394400000	0.749833095600000	0.747386529400000	
******* Lattice unit vectors
8.459077612000000	0.000000000000000	0.000000000000000
0.000000000000000	8.262882843000000	0.000000000000000
0.000000000000000	0.000000000000000	8.239661037999999
******* Lattice lengths (A)
1.000 1.000 1.000
******* Ionic forces (eV/A)
-0.010445363359221	-0.000000257110308	0.000000257110308	
-0.001887189658265	-0.000000771330923	-0.000000514220615	
-0.001886675437650	0.000000257110308	0.000000514220615	
-0.010445877579836	0.000000514220615	-0.000000257110308	
-0.002708399980949	-0.000000514220615	-0.000001028441231	
-0.002674461420337	0.000000514220615	-0.000000771330923	
-0.002708914201564	0.000000000000000	0.000001542661846	
-0.002674975640952	-0.000000000000000	0.000001799772154	
0.010572890071823	0.000380009034730	0.000170721244290	
0.010577003836745	0.000381037475960	-0.000173549457674	
0.010569547637823	-0.000380009034730	0.000169692803059	
0.010577775167668	-0.000381037475960	-0.000174320788597	
0.010619684147818	0.000381294586268	0.000192575620441	
0.010617113044741	0.000381808806883	-0.000190261627673	
0.010623797912741	-0.000381294586268	0.000194118282287	
0.010615313272588	-0.000381808806883	-0.000191804289519	
-0.005560524623883	0.000000000000000	-0.001432618634312	
-0.005563867057883	0.000000257110308	0.001433904185851	
0.002157669701929	-0.000000000000000	0.000158122839214	
0.002153813047314	-0.000000257110308	-0.000157094397984	
-0.005575437021727	0.000000771330923	-0.001436732399235	
-0.005574665690804	-0.000000514220615	0.001436218178620	
0.002142500193777	-0.000000771330923	0.000150923750600	
0.002144042855623	0.000000514220615	-0.000151180860907	
-0.005620688435877	-0.000256081866435	-0.000001542661846	
-0.000735592590231	-0.001528006558456	0.000001799772154	
-0.005619145774031	0.000256081866435	0.000001542661846	
-0.000734307038693	0.001528006558456	0.000001285551538	
-0.005634315282183	-0.000256338976743	-0.000000514220615	
-0.000749990767460	-0.001528006558456	-0.000002056882461	
-0.005635343723414	0.000256081866435	-0.000000257110308	
-0.000749733657153	0.001528006558456	-0.000001285551538	
-0.001305349032018	-0.003964898054510	-0.001872534370728	
-0.001301492377403	-0.003965155164818	0.001873305701651	
-0.001313319451556	0.003964898054510	-0.001873562811959	
-0.001299435494942	0.003965155164818	0.001872534370728	
-0.001242357006640	-0.003965155164818	-0.001872534370728	
-0.001242099896332	-0.003964898054510	0.001872534370728	
-0.001235929248948	0.003965155164818	-0.001872277260421	
-0.001245185220024	0.003964898054510	0.001873562811959	
******* Total energy (eV/supercell)
-27362.531451118738914
******* Stress (GPa)
0.054000000000000	0.000000000000000	0.000000000000000	
0.000000000000000	0.016000000000000	0.000000000000000	
0.000000000000000	0.000000000000000	0.013000000000000	
******* Weight 
10.000000000000000
******* Reduced ionic position : 12
0.075150145000000	0.999999997300000	0.000000029300000	
0.574840671700000	0.500000012300000	0.999999995700000	
0.074840603900000	0.500000002900000	0.000000056800000	
0.575150192600000	0.999999988200000	0.000000012400000	
0.012584219500000	0.000000010700000	0.500000016500000	
0.012588279100000	0.499999989700000	0.500000016100000	
0.512584165800000	0.999999997500000	0.499999992300000	
0.512588237800000	0.500000002200000	0.499999986100000	
0.261586235600000	0.250037927500000	0.246793755700000	
0.261586205800000	0.250037930400000	0.753206285200000	
0.261586215700000	0.749962072100000	0.246793758500000	
0.261586214000000	0.749962069200000	0.753206280400000	
0.761586398100000	0.250037932600000	0.246793754700000	
0.761586362500000	0.250037928400000	0.753206223600000	
0.761586425000000	0.749962067300000	0.246793757500000	
0.761586376600000	0.749962071300000	0.753206222500000	
0.233231828400000	0.000000003900000	0.236794419600000	
0.233231900700000	0.999999998300000	0.763205573600000	
0.233082137600000	0.499999996200000	0.236527799700000	
0.233082142700000	0.500000001200000	0.763472193300000	
0.733232038100000	0.999999992300000	0.236794459700000	
0.733231954700000	0.000000001200000	0.763205548800000	
0.733082378500000	0.500000007900000	0.236527831500000	
0.733082355900000	0.499999998300000	0.763472180300000	
0.215605713600000	0.249886392300000	0.000000013800000	
0.243182827500000	0.250123712400000	0.499999994600000	
0.215605708300000	0.750113607600000	0.999999998100000	
0.243182766600000	0.749876288200000	0.500000000400000	
0.715606153600000	0.249886395100000	0.000000001400000	
0.743182803100000	0.250123704800000	0.499999999600000	
0.715606165800000	0.750113606200000	0.000000001300000	
0.743182834200000	0.749876294400000	0.499999988400000	
0.997071461100000	0.250150302700000	0.252607200500000	
0.997071438200000	0.250150253400000	0.747392744900000	
0.997071492700000	0.749849699300000	0.252607189200000	
0.997071437400000	0.749849744400000	0.747392791600000	
0.497071399400000	0.250150312000000	0.252606966300000	
0.497071357500000	0.250150341500000	0.747393020300000	
0.497071381400000	0.749849688000000	0.252606969400000	
0.497071374100000	0.749849658800000	0.747392971000000	
******* Lattice unit vectors
8.460458138000000	0.000000000000000	0.000000000000000
0.000000000000000	8.261823873000001	0.000000000000000
0.000000000000000	0.000000000000000	8.239848709000000
******* Lattice lengths (A)
1.000 1.000 1.000
******* Ionic forces (eV/A)
-0.007970676647940	-0.000000000000000	-0.000000771330923	
-0.000295419743508	-0.000000257110308	0.000000257110308	
-0.000301590390892	0.000000000000000	-0.000000514220615	
-0.007963991779940	0.000000257110308	0.000000514220615	
-0.000537103432713	-0.000000257110308	-0.000000257110308	
-0.000567956669633	0.000000257110308	-0.000000000000000	
-0.000533246778098	0.000000000000000	0.000000514220615	
-0.000564871345941	-0.000000000000000	0.000000771330923	
0.008569486554493	0.000165064817521	-0.001152625509265	
0.008570772106031	0.000165321927829	0.001150311516496	
0.008570772106031	-0.000165064817521	-0.001152882619572	
0.008570000775108	-0.000165321927829	0.001150054406188	
0.008552260163879	0.000164036376291	-0.001150054406188	
0.008553031494802	0.000164036376291	0.001151854178342	
0.008550974612341	-0.000164036376291	-0.001150054406188	
0.008552517274187	-0.000164036376291	0.001151339957726	
-0.005822005806779	-0.000000257110308	-0.001242871227255	
-0.005824319799548	0.000000000000000	0.001244413889101	
0.000670029461776	0.000000257110308	0.000290534647662	
0.000667201248392	-0.000000257110308	-0.000289249096124	
-0.005826633792317	0.000000771330923	-0.001244413889101	
-0.005826376682009	-0.000000257110308	0.001243642558178	
0.000665658586546	-0.000000771330923	0.000289506206431	
0.000666172807161	0.000000257110308	-0.000290277537354	
-0.004503287038762	-0.000044994303841	-0.000000771330923	
-0.000295162633200	-0.001281694883713	0.000000771330923	
-0.004502001487224	0.000044994303841	0.000001285551538	
-0.000293877081662	0.001281694883713	0.000000257110308	
-0.004506372362454	-0.000045508524457	-0.000000771330923	
-0.000300561949661	-0.001281437773405	-0.000001028441231	
-0.004507143693377	0.000045251414149	-0.000000771330923	
-0.000300304839353	0.001281437773405	-0.000000000000000	
-0.001240814344794	-0.003468932271024	-0.001974607162871	
-0.001240557234486	-0.003468932271024	0.001975378493794	
-0.001243899668486	0.003468675160716	-0.001975378493794	
-0.001239785903563	0.003468932271024	0.001974864273179	
-0.001239014572640	-0.003468932271024	-0.001976149824717	
-0.001236186359256	-0.003468675160716	0.001975892714410	
-0.001237471910794	0.003468932271024	-0.001975892714410	
-0.001237729021102	0.003468675160716	0.001976921155640	
******* Total energy (eV/supercell)
-27362.531510847729805
******* Stress (GPa)
0.026000000000000	0.000000000000000	0.000000000000000	
0.000000000000000	0.035000000000000	0.000000000000000	
0.000000000000000	0.000000000000000	-0.009000000000000	
******* Weight 
10.000000000000000
******* Reduced ionic position : 13
0.075079178700000	0.999999996400000	0.000000038100000	
0.574836110500000	0.500000013000000	0.999999992400000	
0.074836010000000	0.500000003800000	0.000000065700000	
0.575079261500000	0.999999987300000	0.000000011200000	
0.012569838500000	0.000000010500000	0.500000017400000	
0.012573948800000	0.499999989800000	0.500000017700000	
0.512569798400000	0.999999997500000	0.499999995000000	
0.512573918400000	0.500000002200000	0.499999989300000	
0.261657249200000	0.250032249400000	0.246788297900000	
0.261657228800000	0.250032254400000	0.753211737800000	
0.261657220300000	0.749967750300000	0.246788299800000	
0.261657240000000	0.749967745300000	0.753211728000000	
0.761657451800000	0.250032251100000	0.246788333800000	
0.761657406900000	0.250032248000000	0.753211649000000	
0.761657490700000	0.749967749000000	0.246788340600000	
0.761657416100000	0.749967751700000	0.753211643000000	
0.233191920600000	0.000000001900000	0.236785133500000	
0.233191986000000	0.999999999900000	0.763214870100000	
0.233101064400000	0.499999998200000	0.236531247800000	
0.233101058900000	0.499999999600000	0.763468754700000	
0.733192125200000	0.999999996800000	0.236785158000000	
0.733192034300000	0.999999999400000	0.763214843900000	
0.733101300900000	0.500000003400000	0.236531261200000	
0.733101274600000	0.500000000200000	0.763468744300000	
0.215562596600000	0.249886722200000	0.000000015600000	
0.243177293500000	0.250113154600000	0.499999997500000	
0.215562596200000	0.750113277600000	0.000000012000000	
0.243177230800000	0.749886846000000	0.499999998800000	
0.715563037400000	0.249886723900000	0.999999994500000	
0.743177254900000	0.250113149500000	0.499999994500000	
0.715563049600000	0.750113277200000	0.999999991500000	
0.743177291200000	0.749886849900000	0.499999988100000	
0.997061268800000	0.250120205300000	0.252593010900000	
0.997061245400000	0.250120154100000	0.747406928900000	
0.997061281200000	0.749879796800000	0.252592995600000	
0.997061252500000	0.749879843500000	0.747406977600000	
0.497061283800000	0.250120212800000	0.252592772500000	
0.497061248500000	0.250120244700000	0.747407213600000	
0.497061280000000	0.749879787200000	0.252592773900000	
0.497061255800000	0.749879755400000	0.747407164000000	
******* Lattice unit vectors
8.462269545000000	0.000000000000000	0.000000000000000
0.000000000000000	8.261260548999999	0.000000000000000
0.000000000000000	0.000000000000000	8.239627108000001
******* Lattice lengths (A)
1.000 1.000 1.000
******* Ionic forces (eV/A)
-0.003821944723448	-0.000000000000000	-0.000001542661846	
0.002096991669320	-0.000000000000000	0.000001028441231	
0.002087992808552	0.000000000000000	-0.000001028441231	
-0.003813460083295	0.000000000000000	0.000001285551538	
0.002859580841856	0.000000000000000	0.000000771330923	
0.002717398841717	-0.000000000000000	0.000000771330923	
0.002862923275856	0.000000000000000	-0.000000257110308	
0.002720741275717	-0.000000000000000	-0.000000514220615	
0.003282527297966	-0.000846150022527	-0.002232745911768	
0.003280727525812	-0.000846407132835	0.002231460360229	
0.003288440835042	0.000846150022527	-0.002233003022075	
0.003277899312428	0.000846407132835	0.002232231691152	
0.003239846986894	-0.000846921353450	-0.002242258993151	
0.003243703641509	-0.000847178463758	0.002242773213767	
0.003233419229202	0.000846921353450	-0.002243544544690	
0.003245246303355	0.000847178463758	0.002243544544690	
-0.004796135679193	-0.000000000000000	-0.000704225132696	
-0.004797164120424	-0.000000257110308	0.000705510684234	
-0.000508821298870	0.000000000000000	0.000703196691465	
-0.000510363960716	0.000000257110308	-0.000701911139927	
-0.004796907010116	0.000000000000000	-0.000703968022388	
-0.004797421230732	-0.000000000000000	0.000703196691465	
-0.000509592629793	-0.000000000000000	0.000703710912081	
-0.000509592629793	0.000000000000000	-0.000704482243004	
-0.003186882263515	0.000429117103494	-0.000001028441231	
0.000014141066922	-0.000745362781922	0.000000771330923	
-0.003185853822284	-0.000429117103494	-0.000001028441231	
0.000015169508152	0.000745362781922	0.000000771330923	
-0.003186368042899	0.000428602882878	0.000000257110308	
0.000010798632922	-0.000745362781922	-0.000000514220615	
-0.003186882263515	-0.000428602882878	0.000000771330923	
0.000011055743230	0.000745362781922	-0.000000257110308	
0.000025711030767	-0.002471601387589	-0.002053797137632	
0.000024939699844	-0.002471601387589	0.002054568468555	
0.000026996582305	0.002471601387589	-0.002054311358248	
0.000024168368921	0.002471858497897	0.002054054247940	
0.000003342434000	-0.002471601387589	-0.002055082689171	
0.000006170647384	-0.002471087166974	0.002055082689171	
0.000001542661846	0.002471601387589	-0.002054825578863	
0.000006170647384	0.002471087166974	0.002055854020094	
******* Total energy (eV/supercell)
-27362.531569896436849
******* Stress (GPa)
-0.007000000000000	0.000000000000000	0.000000000000000	
0.000000000000000	0.027000000000000	0.000000000000000	
0.000000000000000	0.000000000000000	-0.032000000000000	
******* Weight 
10.000000000000000
******* Reduced ionic position : 14
0.075031199600000	0.999999995700000	0.000000038000000	
0.574840294700000	0.500000012900000	0.999999993900000	
0.074840153300000	0.500000004400000	0.000000066900000	
0.575031322300000	0.999999987300000	0.000000014200000	
0.012571592500000	0.000000010600000	0.500000019600000	
0.012575275100000	0.499999989700000	0.500000020400000	
0.512571566800000	0.999999997700000	0.499999995800000	
0.512575258700000	0.500000002000000	0.499999990000000	
0.261702787400000	0.250026489500000	0.246778773800000	
0.261702767700000	0.250026495000000	0.753221254400000	
0.261702771100000	0.749973510500000	0.246778774600000	
0.261702772000000	0.749973504700000	0.753221244700000	
0.761702913700000	0.250026489300000	0.246778808400000	
0.761702875000000	0.250026485700000	0.753221178700000	
0.761702940100000	0.749973510800000	0.246778813100000	
0.761702886100000	0.749973513900000	0.753221172500000	
0.233157072200000	0.000000001200000	0.236778223400000	
0.233157130300000	0.999999999700000	0.763221789900000	
0.233109421900000	0.499999999000000	0.236535335300000	
0.233109405600000	0.499999999900000	0.763464676200000	
0.733157264500000	0.999999998800000	0.236778238700000	
0.733157168600000	0.999999998300000	0.763221756900000	
0.733109645900000	0.500000001400000	0.236535336400000	
0.733109618500000	0.500000001500000	0.763464663000000	
0.215530534700000	0.249888306000000	0.000000012500000	
0.243174392600000	0.250105450200000	0.500000001800000	
0.215530540300000	0.750111693800000	0.000000014700000	
0.243174332400000	0.749894550400000	0.500000001600000	
0.715530970600000	0.249888306000000	0.999999992600000	
0.743174329800000	0.250105446300000	0.499999989500000	
0.715530981000000	0.750111694700000	0.999999989700000	
0.743174369400000	0.749894553200000	0.499999985900000	
0.997056681400000	0.250097076900000	0.252579176600000	
0.997056657100000	0.250097024700000	0.747420763100000	
0.997056686000000	0.749902925200000	0.252579157400000	
0.997056666500000	0.749902973100000	0.747420810600000	
0.497056700600000	0.250097084000000	0.252578932600000	
0.497056675200000	0.250097118400000	0.747421052900000	
0.497056700600000	0.749902916000000	0.252578934600000	
0.497056677800000	0.749902881500000	0.747421005600000	
******* Lattice unit vectors
8.463077207000000	0.000000000000000	0.000000000000000
0.000000000000000	8.261405001000000	0.000000000000000
0.000000000000000	0.000000000000000	8.238966229000001
******* Lattice lengths (A)
1.000 1.000 1.000
******* Ionic forces (eV/A)
-0.001677130536902	-0.000000257110308	-0.000001028441231	
0.002864723048010	-0.000000257110308	0.000000514220615	
0.002859837952164	0.000000000000000	-0.000000771330923	
-0.001672502551364	0.000000257110308	0.000000514220615	
0.004555994651834	-0.000000000000000	0.000000257110308	
0.004347735302624	0.000000000000000	0.000000000000000	
0.004557280203372	0.000000257110308	0.000000000000000	
0.004349535074778	-0.000000257110308	-0.000000000000000	
-0.000439144405493	-0.001185535628646	-0.001820598088580	
-0.000439401515800	-0.001186049849261	0.001819826757657	
-0.000435801971493	0.001185535628646	-0.001820340978272	
-0.000440944177646	0.001185792738954	0.001820598088580	
-0.000457399237337	-0.001185278518338	-0.001826254515348	
-0.000455085244568	-0.001185535628646	0.001826254515348	
-0.000461255891952	0.001185278518338	-0.001827282956579	
-0.000454313913645	0.001185535628646	0.001827025846271	
-0.003238304325048	-0.000000000000000	-0.000361497092578	
-0.003239075655971	-0.000000257110308	0.000362525533808	
-0.000518077269946	0.000000000000000	0.000991674456666	
-0.000519619931792	0.000000257110308	-0.000990646015435	
-0.003243446531201	-0.000000000000000	-0.000361239982270	
-0.003243189420893	0.000000000000000	0.000360211541039	
-0.000523476586407	0.000000000000000	0.000991417346358	
-0.000522705255484	-0.000000000000000	-0.000992445787589	
-0.002617382932035	0.000645861092856	-0.000000514220615	
-0.000071733775839	-0.000448400376569	0.000000000000000	
-0.002616611601112	-0.000645861092856	-0.000001285551538	
-0.000070705334608	0.000448400376569	0.000000000000000	
-0.002620468255727	0.000645089761933	0.000000514220615	
-0.000078161533530	-0.000448400376569	0.000000257110308	
-0.002621239586650	-0.000645089761933	0.000000514220615	
-0.000078161533530	0.000448400376569	0.000000257110308	
0.001160081708187	-0.001813656110273	-0.002148413730853	
0.001159567487572	-0.001813656110273	0.002149185061776	
0.001161624370033	0.001813656110273	-0.002148927951469	
0.001159053266956	0.001813913220580	0.002148670841161	
0.001144655089727	-0.001813913220580	-0.002149185061776	
0.001145683530958	-0.001813398999965	0.002148927951469	
0.001143369538189	0.001813913220580	-0.002148670841161	
0.001145940641265	0.001813398999965	0.002149442172084	
******* Total energy (eV/supercell)
-27362.531597515990143
******* Stress (GPa)
-0.015000000000000	0.000000000000000	0.000000000000000	
0.000000000000000	0.010000000000000	0.000000000000000	
0.000000000000000	0.000000000000000	-0.027000000000000	
******* Weight 
10.000000000000000
******* Reduced ionic position : 15
0.074992012000000	0.999999994500000	0.000000033700000	
0.574852142700000	0.500000011500000	0.999999996500000	
0.074851963200000	0.500000005500000	0.000000065100000	
0.574992171500000	0.999999988600000	0.000000018000000	
0.012588308200000	0.000000009900000	0.500000020400000	
0.012590975800000	0.499999990300000	0.500000021400000	
0.512588294000000	0.999999998500000	0.499999997600000	
0.512590972700000	0.500000001100000	0.499999991600000	
0.261732096100000	0.250019054200000	0.246767016300000	
0.261732079000000	0.250019059100000	0.753233003000000	
0.261732096600000	0.749980946200000	0.246767016200000	
0.261732073600000	0.749980940600000	0.753232995800000	
0.761732150500000	0.250019054800000	0.246767046300000	
0.761732120900000	0.250019050300000	0.753232945200000	
0.761732158200000	0.749980945600000	0.246767047200000	
0.761732135100000	0.749980949300000	0.753232940400000	
0.233122604800000	0.000000000700000	0.236772132800000	
0.233122652800000	0.999999999100000	0.763227890500000	
0.233113603200000	0.499999999500000	0.236541597400000	
0.233113572100000	0.500000000500000	0.763458423700000	
0.733122758300000	0.999999999800000	0.236772142200000	
0.733122660900000	0.999999997800000	0.763227846200000	
0.733113787900000	0.500000000300000	0.236541585600000	
0.733113763500000	0.500000002200000	0.763458406700000	
0.215499410400000	0.249891516800000	0.000000007300000	
0.243171955400000	0.250098520600000	0.500000005700000	
0.215499424000000	0.750108482800000	0.000000011800000	
0.243171901500000	0.749901479800000	0.500000004700000	
0.715499821200000	0.249891513200000	0.999999993500000	
0.743171843900000	0.250098517300000	0.499999985700000	
0.715499827100000	0.750108487100000	0.999999991300000	
0.743171885100000	0.749901482300000	0.499999984300000	
0.997058100300000	0.250074886600000	0.252561936100000	
0.997058077100000	0.250074833300000	0.747438007200000	
0.997058100000000	0.749925115300000	0.252561912300000	
0.997058086200000	0.749925164800000	0.747438051700000	
0.497058111200000	0.250074892500000	0.252561686400000	
0.497058095400000	0.250074930300000	0.747438297300000	
0.497058113100000	0.749925107600000	0.252561690600000	
0.497058094400000	0.749925069500000	0.747438254700000	
******* Lattice unit vectors
8.463407428000000	0.000000000000000	0.000000000000000
0.000000000000000	8.261744424000000	0.000000000000000
0.000000000000000	0.000000000000000	8.238103407000001
******* Lattice lengths (A)
1.000 1.000 1.000
******* Ionic forces (eV/A)
-0.000735335479923	-0.000000257110308	-0.000000514220615	
0.002517109912046	-0.000000514220615	-0.000000000000000	
0.002516338581123	0.000000257110308	-0.000000257110308	
-0.000735078369616	0.000000514220615	0.000000000000000	
0.005055302869320	-0.000000257110308	-0.000000514220615	
0.004814133400730	0.000000257110308	-0.000000514220615	
0.005055817089935	0.000000257110308	0.000000514220615	
0.004814647621345	-0.000000257110308	0.000000514220615	
-0.002489856219433	-0.000889601664523	-0.000628377591935	
-0.002489341998818	-0.000889858774830	0.000628120481627	
-0.002490627550356	0.000889601664523	-0.000627863371319	
-0.002488827778203	0.000889858774830	0.000628377591935	
-0.002491141770972	-0.000889858774830	-0.000628891812550	
-0.002490627550356	-0.000890115885138	0.000628634702242	
-0.002490884660664	0.000889858774830	-0.000628891812550	
-0.002491141770972	0.000890115885138	0.000628891812550	
-0.001432618634312	-0.000000000000000	-0.000157608618599	
-0.001433647075543	0.000000257110308	0.000158122839214	
-0.000044994303841	0.000000257110308	0.001172165892647	
-0.000046794075995	-0.000000257110308	-0.001171651672032	
-0.001437760840466	-0.000000000000000	-0.000158122839214	
-0.001436732399235	0.000000257110308	0.000157608618599	
-0.000050393620302	0.000000000000000	0.001171908782340	
-0.000049108068764	-0.000000257110308	-0.001172423002955	
-0.002116274942395	0.000694969161620	0.000000257110308	
-0.000287963544585	-0.000291563088893	-0.000000771330923	
-0.002115503611472	-0.000694969161620	-0.000000514220615	
-0.000286935103355	0.000291563088893	-0.000000771330923	
-0.002119360266087	0.000694454941005	0.000000257110308	
-0.000294391302277	-0.000291305978585	0.000000771330923	
-0.002120131597010	-0.000694454941005	-0.000000000000000	
-0.000294648412585	0.000291305978585	0.000001028441231	
0.001525949675995	-0.001307405914479	-0.002132215781470	
0.001525949675995	-0.001307663024787	0.002132730002086	
0.001526463896610	0.001307405914479	-0.002132730002086	
0.001525435455380	0.001307663024787	0.002132472891778	
0.001520807469842	-0.001307405914479	-0.002133244222701	
0.001520807469842	-0.001307148804172	0.002132730002086	
0.001520807469842	0.001307405914479	-0.002132730002086	
0.001520807469842	0.001306891693864	0.002133244222701	
******* Total energy (eV/supercell)
-27362.531615475505532
******* Stress (GPa)
-0.011000000000000	0.000000000000000	0.000000000000000	
0.000000000000000	-0.005000000000000	0.000000000000000	
0.000000000000000	0.000000000000000	-0.007000000000000	
******* Weight 
10.000000000000000
******* Reduced ionic position : 16
0.074970499300000	0.999999993300000	0.000000028600000	
0.574865459700000	0.500000009200000	0.999999997700000	
0.074865260000000	0.500000006600000	0.000000062400000	
0.574970676200000	0.999999990900000	0.000000020400000	
0.012612666000000	0.000000008400000	0.500000018800000	
0.012614062000000	0.499999991900000	0.500000019900000	
0.512612659400000	0.999999999700000	0.500000000300000	
0.512614067200000	0.500000000000000	0.499999994100000	
0.261738519400000	0.250013215200000	0.246759707800000	
0.261738505400000	0.250013219700000	0.753240305700000	
0.261738526800000	0.749986785300000	0.246759708500000	
0.261738496400000	0.749986779900000	0.753240300400000	
0.761738527500000	0.250013215200000	0.246759736800000	
0.761738505000000	0.250013210100000	0.753240257100000	
0.761738525800000	0.749986785300000	0.246759735400000	
0.761738518300000	0.749986789500000	0.753240253700000	
0.233101344100000	0.000000000200000	0.236768573000000	
0.233101383000000	0.999999999200000	0.763231457000000	
0.233115148500000	0.500000000000000	0.236548412300000	
0.233115104200000	0.500000000400000	0.763451615300000	
0.733101460900000	0.000000000300000	0.236768576800000	
0.733101366200000	0.999999997900000	0.763231406000000	
0.733115294900000	0.499999999900000	0.236548392900000	
0.733115277400000	0.500000002100000	0.763451593700000	
0.215477811200000	0.249895238900000	0.000000004400000	
0.243169879200000	0.250094161300000	0.500000006400000	
0.215477831600000	0.750104760700000	0.000000008300000	
0.243169832200000	0.749905839000000	0.500000004600000	
0.715478197900000	0.249895231700000	0.999999994900000	
0.743169720400000	0.250094159200000	0.499999985900000	
0.715478198400000	0.750104768300000	0.999999992700000	
0.743169761200000	0.749905840500000	0.499999985700000	
0.997063622000000	0.250059917800000	0.252546478700000	
0.997063600400000	0.250059863300000	0.747453469400000	
0.997063619800000	0.749940083800000	0.252546450900000	
0.997063608600000	0.749940135100000	0.747453511100000	
0.497063621100000	0.250059923000000	0.252546222100000	
0.497063610400000	0.250059963900000	0.747453759700000	
0.497063624500000	0.749940077100000	0.252546229100000	
0.497063607400000	0.749940035800000	0.747453721800000	
******* Lattice unit vectors
8.463376642000000	0.000000000000000	0.000000000000000
0.000000000000000	8.261924620000000	0.000000000000000
0.000000000000000	0.000000000000000	8.237601608000000
******* Lattice lengths (A)
1.000 1.000 1.000
******* Ionic forces (eV/A)
-0.000837151161759	-0.000000257110308	-0.000000257110308	
0.001530834771841	-0.000000514220615	-0.000000514220615	
0.001533662985225	0.000000257110308	-0.000000000000000	
-0.000839979375143	0.000000514220615	-0.000000257110308	
0.004453664749383	-0.000000514220615	-0.000000771330923	
0.004216351935407	0.000000257110308	-0.000000771330923	
0.004452122087537	0.000000257110308	0.000000514220615	
0.004214552163254	-0.000000257110308	0.000000514220615	
-0.002336875586372	-0.000368439070885	0.000142953331062	
-0.002336104255449	-0.000368439070885	-0.000142696220754	
-0.002338932468834	0.000368439070885	0.000143467551677	
-0.002334818703911	0.000368439070885	-0.000142696220754	
-0.002326076953450	-0.000368953291500	0.000144753103216	
-0.002326334063758	-0.000368953291500	-0.000145010213523	
-0.002324020070989	0.000368953291500	0.000145267323831	
-0.002327619615296	0.000368953291500	-0.000145010213523	
-0.000282307117817	-0.000000000000000	-0.000110300321989	
-0.000283078448740	0.000000257110308	0.000110300321989	
0.000347613135964	0.000000257110308	0.001208932666643	
0.000346327584425	-0.000000257110308	-0.001208675556336	
-0.000288477765201	0.000000000000000	-0.000110814542604	
-0.000287449323970	0.000000257110308	0.000110557432296	
0.000341699598888	-0.000000000000000	0.001208418446028	
0.000343242260734	-0.000000257110308	-0.001208932666643	
-0.001493296666922	0.000632748467165	0.000000514220615	
-0.000385408351191	-0.000273565367356	-0.000000771330923	
-0.001492782446306	-0.000632748467165	0.000000257110308	
-0.000384637020268	0.000273565367356	-0.000001028441231	
-0.001496896211229	0.000632491356857	-0.000000000000000	
-0.000391836108882	-0.000273051146741	0.000001028441231	
-0.001497924652460	-0.000632491356857	-0.000000257110308	
-0.000392350329498	0.000273051146741	0.000001028441231	
0.000901685848983	-0.001030241002816	-0.001901844945802	
0.000901685848983	-0.001030498113124	0.001902359166417	
0.000901685848983	0.001030241002816	-0.001902359166417	
0.000901685848983	0.001030498113124	0.001902359166417	
0.000904771172675	-0.001029726782201	-0.001902616276725	
0.000903999841752	-0.001029469671893	0.001902359166417	
0.000905028282983	0.001029726782201	-0.001902102056110	
0.000904256952060	0.001029469671893	0.001902616276725	
******* Total energy (eV/supercell)
-27362.531624863433535
******* Stress (GPa)
-0.004000000000000	-0.000000000000000	0.000000000000000	
-0.000000000000000	-0.009000000000000	0.000000000000000	
0.000000000000000	0.000000000000000	0.008000000000000	
******* Weight 
10.000000000000000
******* Reduced ionic position : 17
0.074948401100000	0.999999991600000	0.000000022500000	
0.574882206700000	0.500000005600000	0.999999997500000	
0.074882000400000	0.500000008300000	0.000000059200000	
0.574948582500000	0.999999994700000	0.000000022200000	
0.012649823300000	0.000000005700000	0.500000014800000	
0.012649248500000	0.499999994500000	0.500000016500000	
0.512649817100000	0.000000001200000	0.500000004300000	
0.512649254500000	0.499999998500000	0.499999998000000	
0.261736521000000	0.250007108700000	0.246753746900000	
0.261736511100000	0.250007113500000	0.753246262400000	
0.261736529200000	0.749992891800000	0.246753749800000	
0.261736502700000	0.749992886200000	0.753246258400000	
0.761736514300000	0.250007105900000	0.246753778600000	
0.761736498300000	0.250007100400000	0.753246216900000	
0.761736509200000	0.749992894600000	0.246753775900000	
0.761736507400000	0.749992899300000	0.753246215100000	
0.233081698300000	0.999999999500000	0.236764992000000	
0.233081726700000	0.999999999900000	0.763235044200000	
0.233117548800000	0.500000000900000	0.236558842400000	
0.233117488300000	0.499999999700000	0.763441191400000	
0.733081761600000	0.000000000700000	0.236764989600000	
0.733081672600000	0.999999998400000	0.763234987100000	
0.733117641200000	0.499999999600000	0.236558815900000	
0.733117635200000	0.500000001400000	0.763441164300000	
0.215453953800000	0.249900790500000	0.000000003500000	
0.243166761100000	0.250089293300000	0.500000004500000	
0.215453982200000	0.750099209100000	0.000000005500000	
0.243166722900000	0.749910707000000	0.500000001500000	
0.715454307200000	0.249900779300000	0.999999996000000	
0.743166538500000	0.250089293900000	0.499999988900000	
0.715454300100000	0.750099220300000	0.999999993100000	
0.743166577500000	0.749910706000000	0.499999989900000	
0.997071041000000	0.250043046000000	0.252525995200000	
0.997071021300000	0.250042989400000	0.747473959100000	
0.997071038400000	0.749956955300000	0.252525962200000	
0.997071028100000	0.749957009500000	0.747473998100000	
0.497071035600000	0.250043052800000	0.252525729500000	
0.497071027900000	0.250043097900000	0.747474249500000	
0.497071040500000	0.749956947400000	0.252525740600000	
0.497071023500000	0.749956901700000	0.747474217300000	
******* Lattice unit vectors
8.463254364999999	0.000000000000000	0.000000000000000
0.000000000000000	8.261965106000000	0.000000000000000
0.000000000000000	0.000000000000000	8.237334306999999
******* Lattice lengths (A)
1.000 1.000 1.000
******* Ionic forces (eV/A)
-0.001112773411577	-0.000000257110308	-0.000000257110308	
0.000256853197358	-0.000000257110308	-0.000000514220615	
0.000262509624127	0.000000257110308	-0.000000000000000	
-0.001118944058960	0.000000514220615	-0.000000257110308	
0.003139059746289	-0.000000257110308	-0.000000514220615	
0.002929257735234	0.000000257110308	-0.000000514220615	
0.003135717312289	0.000000000000000	0.000000257110308	
0.002926429521849	-0.000000000000000	0.000000257110308	
-0.001195048710029	0.000131640477525	0.000556386705788	
-0.001195048710029	0.000131897587832	-0.000555872485173	
-0.001196848482183	-0.000131640477525	0.000556386705788	
-0.001193506048183	-0.000131897587832	-0.000556129595481	
-0.001185021408031	0.000132154698140	0.000558443588250	
-0.001185535628646	0.000132154698140	-0.000558700698557	
-0.001182964525569	-0.000132154698140	0.000558957808865	
-0.001186564069877	-0.000132154698140	-0.000558700698557	
0.000662830373162	-0.000000000000000	-0.000138325345524	
0.000662830373162	0.000000000000000	0.000137811124909	
0.000539674535790	-0.000000000000000	0.001137456001112	
0.000538903204867	-0.000000000000000	-0.001137713111420	
0.000660259270085	-0.000000000000000	-0.000138068235216	
0.000661030601008	0.000000000000000	0.000138068235216	
0.000537103432713	0.000000000000000	0.001137456001112	
0.000538388984252	-0.000000000000000	-0.001137456001112	
-0.000425003338571	0.000558186477942	0.000000514220615	
-0.000368696181192	-0.000273822477664	-0.000000514220615	
-0.000424746228263	-0.000558186477942	0.000000514220615	
-0.000368181960577	0.000273822477664	-0.000000514220615	
-0.000426288890109	0.000557929367634	-0.000000257110308	
-0.000372038615192	-0.000273565367356	0.000000514220615	
-0.000426803110725	-0.000557929367634	-0.000000257110308	
-0.000372552835807	0.000273565367356	0.000000257110308	
-0.000317017009352	-0.000730450384078	-0.001397651632470	
-0.000316502788736	-0.000730964604693	0.001397908742778	
-0.000317017009352	0.000730450384078	-0.001398165853085	
-0.000316759899044	0.000730964604693	0.001398165853085	
-0.000311360582583	-0.000730707494385	-0.001398680073701	
-0.000312389023814	-0.000730193273770	0.001398680073701	
-0.000311103472275	0.000730707494385	-0.001398422963393	
-0.000312131913506	0.000730193273770	0.001398680073701	
******* Total energy (eV/supercell)
-27362.531633298964152
******* Stress (GPa)
0.002000000000000	-0.000000000000000	0.000000000000000	
-0.000000000000000	-0.007000000000000	0.000000000000000	
0.000000000000000	0.000000000000000	0.017000000000000	
******* Weight 
10.000000000000000
******* Reduced ionic position : 18
0.074927922700000	0.999999989700000	0.000000017000000	
0.574896000700000	0.500000001700000	0.999999995800000	
0.074895806400000	0.500000010200000	0.000000056600000	
0.574928088200000	0.999999998500000	0.000000023200000	
0.012688525400000	0.000000003000000	0.500000010200000	
0.012685746200000	0.499999997100000	0.500000012600000	
0.512688508900000	0.000000002700000	0.500000007800000	
0.512685744100000	0.499999997100000	0.500000001400000	
0.261731466200000	0.250002603700000	0.246750510700000	
0.261731458300000	0.250002609000000	0.753249497200000	
0.261731471100000	0.749997396900000	0.246750516100000	
0.261731454400000	0.749997390700000	0.753249493500000	
0.761731462700000	0.250002601200000	0.246750546000000	
0.761731451200000	0.250002595500000	0.753249450000000	
0.761731459600000	0.749997399300000	0.246750543200000	
0.761731454600000	0.749997404400000	0.753249449600000	
0.233068750000000	0.999999999000000	0.236761770900000	
0.233068771300000	0.000000000600000	0.763238268800000	
0.233121031400000	0.500000001500000	0.236570736000000	
0.233120956900000	0.499999999000000	0.763429301600000	
0.733068770300000	0.000000000900000	0.236761765400000	
0.733068687200000	0.999999999200000	0.763238206500000	
0.733121079200000	0.499999999400000	0.236570705700000	
0.733121085900000	0.500000000400000	0.763429269500000	
0.215434675000000	0.249907027400000	0.000000004700000	
0.243163256700000	0.250084656900000	0.500000001800000	
0.215434710300000	0.750092972300000	0.000000004300000	
0.243163225900000	0.749915343200000	0.499999998000000	
0.715435004300000	0.249907011800000	0.999999996300000	
0.743162977900000	0.250084659300000	0.499999993000000	
0.715434989800000	0.750092987700000	0.999999992600000	
0.743163014600000	0.749915340700000	0.499999994000000	
0.997075132900000	0.250027674100000	0.252505731400000	
0.997075115400000	0.250027614700000	0.747494228700000	
0.997075132000000	0.749972326900000	0.252505692900000	
0.997075120300000	0.749972384600000	0.747494266200000	
0.497075126600000	0.250027680900000	0.252505454500000	
0.497075118800000	0.250027730800000	0.747494522100000	
0.497075132000000	0.749972319300000	0.252505470000000	
0.497075114700000	0.749972268700000	0.747494494200000	
******* Lattice unit vectors
8.463171373000000	0.000000000000000	0.000000000000000
0.000000000000000	8.261859592000000	0.000000000000000
0.000000000000000	0.000000000000000	8.237406197000000
******* Lattice lengths (A)
1.000 1.000 1.000
******* Ionic forces (eV/A)
-0.001129999802190	-0.000000257110308	-0.000000257110308	
-0.000671315013315	-0.000000257110308	-0.000000514220615	
-0.000664887255623	0.000000257110308	-0.000000000000000	
-0.001136941780497	0.000000257110308	-0.000000000000000	
0.001687929169824	-0.000000000000000	-0.000000257110308	
0.001524407014149	0.000000000000000	-0.000000257110308	
0.001684072515209	0.000000000000000	-0.000000000000000	
0.001521064580149	0.000000000000000	-0.000000000000000	
-0.000021597265844	0.000369210401808	0.000457399237337	
-0.000022368596767	0.000369467512115	-0.000456885016722	
-0.000022111486459	-0.000369210401808	0.000457142127029	
-0.000021597265844	-0.000369467512115	-0.000456885016722	
-0.000016969280306	0.000369724622423	0.000458684788875	
-0.000017226390614	0.000369724622423	-0.000458684788875	
-0.000016197949383	-0.000369724622423	0.000458941899183	
-0.000017740611229	-0.000369724622423	-0.000458684788875	
0.001085005498349	0.000000257110308	-0.000228828173822	
0.001085776829272	-0.000000000000000	0.000228056842899	
0.000350955569963	-0.000000257110308	0.000971876962976	
0.000350955569963	0.000000000000000	-0.000972648293899	
0.001085519718964	-0.000000000000000	-0.000227799732592	
0.001085519718964	0.000000000000000	0.000228056842899	
0.000351469790579	0.000000000000000	0.000972648293899	
0.000352241121502	0.000000000000000	-0.000972391183591	
0.000728136391309	0.000524247917330	0.000000257110308	
-0.000255824756127	-0.000255053425204	0.000000257110308	
0.000728136391309	-0.000524247917330	0.000000257110308	
-0.000255824756127	0.000255053425204	0.000000514220615	
0.000729679053155	0.000523990807022	-0.000000257110308	
-0.000256596087050	-0.000255053425204	-0.000000257110308	
0.000729164832540	-0.000523990807022	0.000000000000000	
-0.000256596087050	0.000255053425204	-0.000000514220615	
-0.001289408192943	-0.000423717787033	-0.000776473129150	
-0.001288893972327	-0.000423974897340	0.000776730239458	
-0.001289408192943	0.000423717787033	-0.000776730239458	
-0.001289151082635	0.000423974897340	0.000776987349765	
-0.001284523097097	-0.000423974897340	-0.000778015790996	
-0.001285294428020	-0.000423460676725	0.000778272901304	
-0.001284523097097	0.000423974897340	-0.000777758680688	
-0.001284780207405	0.000423460676725	0.000778015790996	
******* Total energy (eV/supercell)
-27362.531639149412513
******* Stress (GPa)
0.005000000000000	0.000000000000000	0.000000000000000	
0.000000000000000	-0.002000000000000	0.000000000000000	
0.000000000000000	0.000000000000000	0.015000000000000	
******* Weight 
10.000000000000000
******* Reduced ionic position : 19
0.074913240900000	0.999999988100000	0.000000013500000	
0.574901983600000	0.499999998900000	0.999999993500000	
0.074901815800000	0.500000011700000	0.000000055300000	
0.574913375900000	0.000000001400000	0.000000023500000	
0.012715796300000	0.000000001300000	0.500000007100000	
0.012711249600000	0.499999998800000	0.500000010200000	
0.512715762500000	0.000000003600000	0.500000009300000	
0.512711232800000	0.499999996400000	0.500000002800000	
0.261728224300000	0.250000850600000	0.246749715200000	
0.261728214800000	0.250000856900000	0.753250294400000	
0.261728226300000	0.749999149800000	0.246749721300000	
0.261728215700000	0.749999142900000	0.753250290300000	
0.761728231200000	0.250000849300000	0.246749753500000	
0.761728221500000	0.250000843500000	0.753250242500000	
0.761728231600000	0.749999151200000	0.246749750800000	
0.761728221000000	0.749999156400000	0.753250243000000	
0.233064956800000	0.999999999100000	0.236759223200000	
0.233064976800000	0.000000000700000	0.763240816300000	
0.233123993600000	0.500000001400000	0.236580695000000	
0.233123911800000	0.499999999000000	0.763419342400000	
0.733064957300000	0.000000000500000	0.236759219600000	
0.733064877300000	0.999999999700000	0.763240750700000	
0.733124021500000	0.499999999800000	0.236580665800000	
0.733124037500000	0.499999999900000	0.763419307400000	
0.215426452800000	0.249912397700000	0.000000006300000	
0.243160513200000	0.250081272300000	0.500000000400000	
0.215426492000000	0.750087602000000	0.000000004600000	
0.243160486200000	0.749918727600000	0.499999997200000	
0.715426776500000	0.249912379100000	0.999999995800000	
0.743160203900000	0.250081275900000	0.499999995100000	
0.715426757000000	0.750087620300000	0.999999992500000	
0.743160238700000	0.749918724100000	0.499999995200000	
0.997073269000000	0.250017721300000	0.252491909500000	
0.997073253900000	0.250017658800000	0.747508054000000	
0.997073270800000	0.749982279500000	0.252491867100000	
0.997073256900000	0.749982340600000	0.747508091900000	
0.497073267900000	0.250017727400000	0.252491621000000	
0.497073257200000	0.250017781400000	0.747508354600000	
0.497073272100000	0.749982273000000	0.252491640000000	
0.497073255200000	0.749982218100000	0.747508328300000	
******* Lattice unit vectors
8.463180557999999	0.000000000000000	0.000000000000000
0.000000000000000	8.261717770000001	0.000000000000000
0.000000000000000	0.000000000000000	8.237662615000000
******* Lattice lengths (A)
1.000 1.000 1.000
******* Ionic forces (eV/A)
-0.000815296785607	-0.000000257110308	-0.000000257110308	
-0.000938452622979	-0.000000257110308	-0.000000257110308	
-0.000933310416826	0.000000257110308	-0.000000000000000	
-0.000820696102068	0.000000257110308	0.000000000000000	
0.000688284293621	0.000000000000000	0.000000000000000	
0.000569756441787	-0.000000000000000	0.000000000000000	
0.000685198969929	-0.000000000000000	-0.000000257110308	
0.000567185338710	0.000000000000000	-0.000000257110308	
0.000456885016722	0.000234227490283	0.000109271880758	
0.000456113685799	0.000234227490283	-0.000108757660143	
0.000457656347645	-0.000234227490283	0.000108757660143	
0.000456113685799	-0.000234227490283	-0.000109014770450	
0.000455856575491	0.000234227490283	0.000109271880758	
0.000455856575491	0.000234227490283	-0.000109014770450	
0.000455599465183	-0.000234227490283	0.000109014770450	
0.000455856575491	-0.000234227490283	-0.000109014770450	
0.000962363881592	0.000000257110308	-0.000332443627812	
0.000963392322823	-0.000000257110308	0.000331672296889	
-0.000087160394299	-0.000000257110308	0.000748962326230	
-0.000086903283991	0.000000257110308	-0.000749733657153	
0.000964163653746	-0.000000000000000	-0.000330900965966	
0.000963906543438	-0.000000000000000	0.000331415186581	
-0.000085360622145	0.000000000000000	0.000749990767460	
-0.000084846401530	0.000000000000000	-0.000749476546845	
0.001393023646932	0.000562557353172	-0.000000000000000	
-0.000168150141213	-0.000220086423362	0.000000514220615	
0.001393023646932	-0.000562557353172	0.000000000000000	
-0.000168150141213	0.000220086423362	0.000000771330923	
0.001395337639701	0.000562557353172	-0.000000000000000	
-0.000166864589675	-0.000220086423362	-0.000000514220615	
0.001395080529393	-0.000562557353172	0.000000257110308	
-0.000166864589675	0.000220086423362	-0.000000771330923	
-0.001384539006779	-0.000185376531827	-0.000329358304120	
-0.001384024786164	-0.000185890752442	0.000329615414427	
-0.001384281896471	0.000185376531827	-0.000329615414427	
-0.001384281896471	0.000185890752442	0.000329872524735	
-0.001382739234625	-0.000185890752442	-0.000331158076273	
-0.001383253455241	-0.000185376531827	0.000331415186581	
-0.001382996344933	0.000185890752442	-0.000330643855658	
-0.001382739234625	0.000185376531827	0.000330900965966	
******* Total energy (eV/supercell)
-27362.531642278718209
******* Stress (GPa)
0.004000000000000	-0.000000000000000	0.000000000000000	
-0.000000000000000	0.001000000000000	0.000000000000000	
0.000000000000000	0.000000000000000	0.005000000000000	
******* Weight 
10.000000000000000
******* Reduced ionic position : 20
0.074905166500000	0.999999987100000	0.000000011700000	
0.574901354200000	0.499999997300000	0.999999991500000	
0.074901212700000	0.500000012800000	0.000000055100000	
0.574905273300000	0.000000002900000	0.000000023800000	
0.012728331000000	0.000000000900000	0.500000005900000	
0.012722731800000	0.499999999300000	0.500000009500000	
0.512728281600000	0.000000003700000	0.500000008900000	
0.512722701000000	0.499999996300000	0.500000002400000	
0.261728244100000	0.250000706400000	0.246749695800000	
0.261728231300000	0.250000713400000	0.753250315900000	
0.261728246200000	0.749999293900000	0.246749701300000	
0.261728234900000	0.749999286400000	0.753250311300000	
0.761728253500000	0.250000705700000	0.246749734500000	
0.761728244000000	0.250000699800000	0.753250261500000	
0.761728255500000	0.749999294700000	0.246749731500000	
0.761728242500000	0.749999300000000	0.753250262500000	
0.233066705400000	0.999999999600000	0.236757156300000	
0.233066728200000	0.000000000200000	0.763242880600000	
0.233124907700000	0.500000000800000	0.236586989200000	
0.233124824100000	0.499999999400000	0.763413045800000	
0.733066705400000	0.000000000000000	0.236757158300000	
0.733066625500000	-0.000000000000000	0.763242812800000	
0.733124935100000	0.500000000200000	0.236586963700000	
0.733124955900000	0.499999999700000	0.763413010200000	
0.215427826400000	0.249916374900000	0.000000007200000	
0.243158884100000	0.250079278800000	0.500000001000000	
0.215427867000000	0.750083624900000	0.000000005300000	
0.243158857900000	0.749920721100000	0.499999999100000	
0.715428156500000	0.249916355400000	0.999999995300000	
0.743158567800000	0.250079282700000	0.499999994700000	
0.715428134500000	0.750083644200000	0.999999993100000	
0.743158602100000	0.749920717200000	0.499999993800000	
0.997068217600000	0.250013350700000	0.252485610600000	
0.997068204500000	0.250013285600000	0.747514354700000	
0.997068221200000	0.749986650000000	0.252485565700000	
0.997068206400000	0.749986714000000	0.747514393700000	
0.497068221700000	0.250013355600000	0.252485311900000	
0.497068207900000	0.250013412700000	0.747514663900000	
0.497068224600000	0.749986644900000	0.252485333500000	
0.497068208400000	0.749986586700000	0.747514637000000	
******* Lattice unit vectors
8.463252323000001	0.000000000000000	0.000000000000000
0.000000000000000	8.261642217000000	0.000000000000000
0.000000000000000	0.000000000000000	8.237840126000000
******* Lattice lengths (A)
1.000 1.000 1.000
******* Ionic forces (eV/A)
-0.000382580137806	-0.000000257110308	-0.000000257110308	
-0.000725308177925	-0.000000257110308	-0.000000257110308	
-0.000722479964540	0.000000257110308	0.000000000000000	
-0.000385408351191	0.000000257110308	0.000000257110308	
0.000276136470433	0.000000000000000	0.000000000000000	
0.000194889613210	-0.000000000000000	0.000000000000000	
0.000274850918894	-0.000000000000000	-0.000000257110308	
0.000193604061672	0.000000000000000	-0.000000257110308	
0.000312903244429	0.000057078488302	-0.000040109207996	
0.000312389023814	0.000057078488302	0.000040109207996	
0.000313674575352	-0.000057078488302	-0.000040109207996	
0.000312389023814	-0.000057078488302	0.000040109207996	
0.000310846361968	0.000057078488302	-0.000040623428611	
0.000310846361968	0.000056821377994	0.000040623428611	
0.000310332141352	-0.000057078488302	-0.000040623428611	
0.000311103472275	-0.000056821377994	0.000040623428611	
0.000627606261012	0.000000000000000	-0.000400320749035	
0.000628634702242	-0.000000257110308	0.000399806528420	
-0.000460998781644	-0.000000000000000	0.000614493635321	
-0.000460741671337	0.000000257110308	-0.000615007855936	
0.000629406033165	-0.000000000000000	-0.000399035197497	
0.000628891812550	-0.000000000000000	0.000399549418112	
-0.000459456119798	0.000000000000000	0.000615264966244	
-0.000458941899183	0.000000000000000	-0.000614750745628	
0.001411792699392	0.000582354846862	-0.000000000000000	
-0.000180234325674	-0.000209287790440	0.000000257110308	
0.001411792699392	-0.000582354846862	0.000000000000000	
-0.000180491435981	0.000209287790440	0.000000514220615	
0.001413849581853	0.000582354846862	-0.000000000000000	
-0.000179205884443	-0.000209287790440	-0.000000257110308	
0.001413592471545	-0.000582354846862	0.000000257110308	
-0.000179205884443	0.000209287790440	-0.000000514220615	
-0.000852834890527	-0.000073019327377	-0.000158637059830	
-0.000852834890527	-0.000073276437685	0.000158894170137	
-0.000852834890527	0.000073019327377	-0.000158894170137	
-0.000852834890527	0.000073276437685	0.000159151280445	
-0.000853349111142	-0.000073276437685	-0.000160693942291	
-0.000853606221450	-0.000072762217069	0.000160951052599	
-0.000853349111142	0.000073276437685	-0.000160179721676	
-0.000853092000834	0.000072762217069	0.000160436831983	
******* Total energy (eV/supercell)
-27362.531643639289541
******* Stress (GPa)
0.002000000000000	-0.000000000000000	0.000000000000000	
-0.000000000000000	0.002000000000000	-0.000000000000000	
0.000000000000000	-0.000000000000000	-0.002000000000000	
******* Weight 
10.000000000000000
******* Reduced ionic position : 21
0.074899910500000	0.999999986000000	0.000000010200000	
0.574898321700000	0.499999996100000	0.999999989500000	
0.074898204900000	0.500000013800000	0.000000055300000	
0.574899991900000	0.000000004200000	0.000000024200000	
0.012735566500000	0.000000000800000	0.500000005400000	
0.012729148600000	0.499999999300000	0.500000009300000	
0.512735504200000	0.000000003500000	0.500000008000000	
0.512729105900000	0.499999996500000	0.500000001200000	
0.261729119600000	0.250000918300000	0.246749770900000	
0.261729103400000	0.250000925700000	0.753250242700000	
0.261729123500000	0.749999081900000	0.246749775300000	
0.261729108600000	0.749999074100000	0.753250237700000	
0.761729127700000	0.250000917400000	0.246749808500000	
0.761729117900000	0.250000911200000	0.753250187200000	
0.761729129800000	0.749999082800000	0.246749805200000	
0.761729116500000	0.749999088600000	0.753250188700000	
0.233070153900000	0.000000000000000	0.236754670500000	
0.233070181600000	0.999999999600000	0.763245362600000	
0.233123776500000	0.500000000300000	0.236592436800000	
0.233123692400000	0.500000000200000	0.763407594600000	
0.733070159200000	0.999999999700000	0.236754680200000	
0.733070078000000	0.000000000000000	0.763245292900000	
0.733123808600000	0.500000000500000	0.236592416300000	
0.733123833500000	0.499999999800000	0.763407559500000	
0.215433701900000	0.249920506000000	0.000000007500000	
0.243157371900000	0.250077529800000	0.500000002300000	
0.215433743400000	0.750079493900000	0.000000006000000	
0.243157345200000	0.749922470100000	0.500000001700000	
0.715434042100000	0.249920486200000	0.999999994800000	
0.743157055600000	0.250077534200000	0.499999993400000	
0.715434018400000	0.750079513400000	0.999999993800000	
0.743157089700000	0.749922465800000	0.499999991500000	
0.997062657900000	0.250010995500000	0.252481910700000	
0.997062646300000	0.250010927300000	0.747518056200000	
0.997062662200000	0.749989005100000	0.252481863800000	
0.997062647500000	0.749989072400000	0.747518096800000	
0.497062665100000	0.250010998800000	0.252481599900000	
0.497062649000000	0.250011059300000	0.747518376900000	
0.497062667200000	0.749989001800000	0.252481624200000	
0.497062651600000	0.749988940000000	0.747518348200000	
******* Lattice unit vectors
8.463335012000000	0.000000000000000	0.000000000000000
0.000000000000000	8.261621321000000	0.000000000000000
0.000000000000000	0.000000000000000	8.237905955000000
******* Lattice lengths (A)
1.000 1.000 1.000
******* Ionic forces (eV/A)
-0.000017740611229	-0.000000257110308	-0.000000257110308	
-0.000424746228263	-0.000000257110308	-0.000000257110308	
-0.000423974897340	0.000000257110308	0.000000000000000	
-0.000018511942152	0.000000257110308	0.000000000000000	
0.000052450502764	0.000000000000000	0.000000000000000	
0.000010541522614	-0.000000000000000	0.000000000000000	
0.000052450502764	-0.000000000000000	-0.000000000000000	
0.000010798632922	0.000000000000000	-0.000000257110308	
0.000067620010916	-0.000035995443073	-0.000111328763219	
0.000067362900608	-0.000035995443073	0.000111585873527	
0.000067877121224	0.000035995443073	-0.000111328763219	
0.000067362900608	0.000035995443073	0.000111328763219	
0.000066077349070	-0.000035995443073	-0.000111842983835	
0.000066077349070	-0.000035995443073	0.000111842983835	
0.000065820238762	0.000035995443073	-0.000112100094142	
0.000066334459378	0.000035995443073	0.000111842983835	
0.000274336698279	-0.000000000000000	-0.000423974897340	
0.000275108029202	-0.000000000000000	0.000423460676725	
-0.000721965743925	0.000000000000000	0.000514991946254	
-0.000722222854233	0.000000000000000	-0.000515249056562	
0.000275108029202	0.000000000000000	-0.000422946456110	
0.000274593808587	-0.000000000000000	0.000423203566417	
-0.000721451523310	-0.000000000000000	0.000515506166869	
-0.000721194413002	-0.000000000000000	-0.000515249056562	
0.001086548160195	0.000573098875787	0.000000000000000	
-0.000256338976743	-0.000224200188284	0.000000000000000	
0.001086805270502	-0.000573098875787	0.000000000000000	
-0.000256596087050	0.000224200188284	0.000000000000000	
0.001087833711733	0.000573098875787	-0.000000000000000	
-0.000256081866435	-0.000224200188284	-0.000000000000000	
0.001087576601425	-0.000573098875787	-0.000000000000000	
-0.000256081866435	0.000224200188284	-0.000000000000000	
-0.000163007935060	-0.000024939699844	-0.000123927168295	
-0.000163265045368	-0.000025196810151	0.000123927168295	
-0.000163007935060	0.000024939699844	-0.000124184278602	
-0.000163265045368	0.000025196810151	0.000124441388910	
-0.000164807707214	-0.000025196810151	-0.000125726940448	
-0.000164807707214	-0.000024425479228	0.000125984050756	
-0.000164807707214	0.000025196810151	-0.000125212719833	
-0.000164550596906	0.000024425479228	0.000125726940448	
******* Total energy (eV/supercell)
-27362.531644455630158
******* Stress (GPa)
0.001000000000000	-0.000000000000000	0.000000000000000	
-0.000000000000000	0.001000000000000	0.000000000000000	
0.000000000000000	0.000000000000000	-0.005000000000000	
******* Weight 
10.000000000000000
******* Reduced ionic position : 22
0.074894773400000	0.999999984600000	0.000000007900000	
0.574894400100000	0.499999994400000	0.999999986700000	
0.074894306800000	0.500000015300000	0.000000055700000	
0.574894830000000	0.000000005800000	0.000000024900000	
0.012742476800000	0.000000000800000	0.500000004700000	
0.012735188300000	0.499999999300000	0.500000009200000	
0.512742403600000	0.000000003200000	0.500000007000000	
0.512735136200000	0.499999996900000	0.500000000000000	
0.261730270800000	0.250001034200000	0.246749472000000	
0.261730251800000	0.250001042000000	0.753250543200000	
0.261730277300000	0.749998965900000	0.246749475400000	
0.261730258300000	0.749998957900000	0.753250537600000	
0.761730275300000	0.250001033500000	0.246749508200000	
0.761730265100000	0.250001026700000	0.753250486900000	
0.761730276700000	0.749998966700000	0.246749504200000	
0.761730264200000	0.749998973200000	0.753250489100000	
0.233073671200000	0.000000000300000	0.236750923500000	
0.233073705300000	0.999999998800000	0.763249104900000	
0.233120330000000	0.499999999900000	0.236599147700000	
0.233120244500000	0.500000000800000	0.763400879500000	
0.733073681400000	0.999999999600000	0.236750942900000	
0.733073598000000	-0.000000000000000	0.763249032700000	
0.733120365800000	0.500000000500000	0.236599133200000	
0.733120396400000	0.499999999800000	0.763400845100000	
0.215441932300000	0.249926167300000	0.000000007800000	
0.243155045200000	0.250075083500000	0.500000003600000	
0.215441975200000	0.750073832700000	0.000000007100000	
0.243155017600000	0.749924916400000	0.500000004000000	
0.715442284100000	0.249926147600000	0.999999994200000	
0.743154727500000	0.250075088600000	0.499999992000000	
0.715442257900000	0.750073852200000	0.999999994400000	
0.743154761900000	0.749924911300000	0.499999989700000	
0.997057545900000	0.250008537100000	0.252477870200000	
0.997057535100000	0.250008464600000	0.747522098700000	
0.997057550400000	0.749991463400000	0.252477820500000	
0.997057536200000	0.749991535200000	0.747522141700000	
0.497057553200000	0.250008538100000	0.252477542400000	
0.497057535300000	0.250008603600000	0.747522436200000	
0.497057555100000	0.749991462500000	0.252477570500000	
0.497057539800000	0.749991395700000	0.747522404900000	
******* Lattice unit vectors
8.463427982000001	0.000000000000000	0.000000000000000
0.000000000000000	8.261626679999999	0.000000000000000
0.000000000000000	0.000000000000000	8.237874604000000
******* Lattice lengths (A)
1.000 1.000 1.000
******* Ionic forces (eV/A)
0.000312903244429	-0.000000257110308	-0.000000257110308	
-0.000121098954910	-0.000000257110308	-0.000000257110308	
-0.000122384506449	0.000000257110308	0.000000257110308	
0.000314188795967	0.000000257110308	0.000000000000000	
-0.000156837287676	-0.000000000000000	-0.000000000000000	
-0.000149381088754	0.000000000000000	0.000000000000000	
-0.000155551736138	-0.000000000000000	0.000000000000000	
-0.000148095537215	0.000000000000000	-0.000000000000000	
-0.000105158115835	-0.000064534687224	-0.000081503967530	
-0.000104901005528	-0.000064534687224	0.000081246857222	
-0.000105158115835	0.000064534687224	-0.000081246857222	
-0.000104643895220	0.000064534687224	0.000081246857222	
-0.000105415226143	-0.000064534687224	-0.000081761077838	
-0.000105158115835	-0.000064791797532	0.000081503967530	
-0.000105415226143	0.000064791797532	-0.000081761077838	
-0.000105415226143	0.000064791797532	0.000081503967530	
-0.000038052325535	-0.000000000000000	-0.000423717787033	
-0.000037538104919	0.000000000000000	0.000423460676725	
-0.000873660825448	0.000000000000000	0.000437601743647	
-0.000874175046063	-0.000000000000000	-0.000437601743647	
-0.000039080766765	0.000000000000000	-0.000423203566417	
-0.000039080766765	0.000000000000000	0.000423203566417	
-0.000874432156371	-0.000000000000000	0.000437858853954	
-0.000873917935755	-0.000000000000000	-0.000437601743647	
0.000580812185016	0.000539417425482	0.000000000000000	
-0.000347870246271	-0.000259681410742	-0.000000257110308	
0.000581069295324	-0.000539417425482	0.000000000000000	
-0.000347870246271	0.000259681410742	-0.000000257110308	
0.000581069295324	0.000539417425482	0.000000000000000	
-0.000348641577194	-0.000259681410742	0.000000257110308	
0.000580812185016	-0.000539417425482	-0.000000257110308	
-0.000348384466887	0.000259681410742	0.000000257110308	
0.000474368517643	0.000004627985538	-0.000121613175526	
0.000473854297028	0.000004370875230	0.000121613175526	
0.000474368517643	-0.000004627985538	-0.000121613175526	
0.000474111407335	-0.000004370875230	0.000122127396141	
0.000472054524874	0.000004885095846	-0.000123155837372	
0.000472568745489	0.000005399316461	0.000123412947679	
0.000472311635182	-0.000005142206153	-0.000122898727064	
0.000472311635182	-0.000005399316461	0.000123155837372	
******* Total energy (eV/supercell)
-27362.531645135914005
******* Stress (GPa)
-0.001000000000000	0.000000000000000	0.000000000000000	
0.000000000000000	-0.000000000000000	0.000000000000000	
0.000000000000000	0.000000000000000	-0.005000000000000	
******* Weight 
10.000000000000000
******* Reduced ionic position : 23
0.074891554400000	0.999999983000000	0.000000005300000	
0.574890795100000	0.499999992400000	0.999999983400000	
0.074890717300000	0.500000017000000	0.000000056400000	
0.574891593900000	0.000000007800000	0.000000025800000	
0.012748092400000	0.000000000700000	0.500000004000000	
0.012740097100000	0.499999999400000	0.500000009100000	
0.512748014500000	0.000000002900000	0.500000006300000	
0.512740041600000	0.499999997300000	0.499999998900000	
0.261730719200000	0.250001086200000	0.246749080900000	
0.261730698700000	0.250001094400000	0.753250935000000	
0.261730727800000	0.749998913900000	0.246749084100000	
0.261730706400000	0.749998905600000	0.753250928900000	
0.761730719400000	0.250001085200000	0.246749115800000	
0.761730709400000	0.250001077700000	0.753250878300000	
0.761730719800000	0.749998915100000	0.246749111100000	
0.761730708600000	0.749998922300000	0.753250881300000	
0.233076511400000	0.000000000100000	0.236746388500000	
0.233076551800000	0.999999998600000	0.763253635400000	
0.233114562600000	0.499999999900000	0.236606302300000	
0.233114474700000	0.500000001300000	0.763393720700000	
0.733076521100000	0.999999999800000	0.236746418100000	
0.733076435300000	-0.000000000000000	0.763253560300000	
0.733114598200000	0.500000000300000	0.236606293400000	
0.733114635700000	0.499999999700000	0.763393687500000	
0.215450538800000	0.249932696600000	0.000000007900000	
0.243151941000000	0.250072138900000	0.500000004300000	
0.215450583800000	0.750067303400000	0.000000007600000	
0.243151912300000	0.749927861000000	0.500000004900000	
0.715450899400000	0.249932676900000	0.999999994000000	
0.743151618100000	0.250072145000000	0.499999991400000	
0.715450870200000	0.750067323000000	0.999999994700000	
0.743151653500000	0.749927854800000	0.499999989200000	
0.997054889000000	0.250006475500000	0.252473927900000	
0.997054877600000	0.250006398200000	0.747526043600000	
0.997054893300000	0.749993525100000	0.252473875200000	
0.997054879200000	0.749993601800000	0.747526089600000	
0.497054891200000	0.250006475900000	0.252473580100000	
0.497054873500000	0.250006546600000	0.747526400300000	
0.497054893500000	0.749993524400000	0.252473612700000	
0.497054879000000	0.749993452500000	0.747526366000000	
******* Lattice unit vectors
8.463489458000000	0.000000000000000	0.000000000000000
0.000000000000000	8.261641181000000	0.000000000000000
0.000000000000000	0.000000000000000	8.237784207000001
******* Lattice lengths (A)
1.000 1.000 1.000
******* Ionic forces (eV/A)
0.000452514141491	-0.000000257110308	-0.000000257110308	
0.000053993164610	-0.000000257110308	-0.000000257110308	
0.000051679171841	0.000000257110308	0.000000257110308	
0.000454571023953	0.000000257110308	0.000000000000000	
-0.000343499371041	-0.000000000000000	-0.000000000000000	
-0.000285649551816	0.000000000000000	-0.000000000000000	
-0.000341699598888	-0.000000000000000	0.000000257110308	
-0.000283849779663	0.000000000000000	0.000000000000000	
-0.000055021605840	-0.000040623428611	-0.000000000000000	
-0.000054250274917	-0.000040623428611	-0.000000000000000	
-0.000055535826456	0.000040623428611	0.000000257110308	
-0.000054250274917	0.000040623428611	-0.000000257110308	
-0.000052193392456	-0.000040366318303	-0.000000000000000	
-0.000052450502764	-0.000040623428611	-0.000000257110308	
-0.000052193392456	0.000040366318303	0.000000000000000	
-0.000052707613071	0.000040366318303	-0.000000257110308	
-0.000247083005667	-0.000000257110308	-0.000392607439805	
-0.000246568785051	0.000000000000000	0.000392607439805	
-0.000854120442065	0.000000257110308	0.000392350329498	
-0.000854634662680	-0.000000000000000	-0.000392350329498	
-0.000248111446897	0.000000000000000	-0.000392350329498	
-0.000248368557205	0.000000000000000	0.000392350329498	
-0.000855405993603	-0.000000000000000	0.000392350329498	
-0.000854891772988	-0.000000000000000	-0.000392350329498	
0.000083046629376	0.000458427678568	0.000000000000000	
-0.000384894130575	-0.000312389023814	-0.000000257110308	
0.000083303739684	-0.000458427678568	-0.000000000000000	
-0.000385151240883	0.000312389023814	-0.000000514220615	
0.000083046629376	0.000458427678568	0.000000000000000	
-0.000386436792421	-0.000312389023814	0.000000257110308	
0.000082789519068	-0.000458427678568	-0.000000257110308	
-0.000386179682114	0.000312389023814	0.000000514220615	
0.000786500431149	0.000013369735999	-0.000135497132140	
0.000786243320841	0.000012855515383	0.000135497132140	
0.000786243320841	-0.000013369735999	-0.000135754242447	
0.000786500431149	-0.000012855515383	0.000136011352755	
0.000785986210534	0.000013112625691	-0.000136782683678	
0.000786243320841	0.000013883956614	0.000137039793986	
0.000786243320841	-0.000013112625691	-0.000136525573370	
0.000785986210534	-0.000013883956614	0.000136782683678	
******* Total energy (eV/supercell)
-27362.531645680141082
******* Stress (GPa)
-0.001000000000000	0.000000000000000	0.000000000000000	
0.000000000000000	-0.001000000000000	0.000000000000000	
0.000000000000000	0.000000000000000	-0.002000000000000	
******* Weight 
10.000000000000000
******* Reduced ionic position : 24
0.074889381200000	0.999999981000000	0.000000002200000	
0.574887965100000	0.499999990000000	0.999999979400000	
0.074887893700000	0.500000019000000	0.000000057400000	
0.574889411900000	0.000000010100000	0.000000026900000	
0.012752558900000	0.000000000400000	0.500000002900000	
0.012744103100000	0.499999999700000	0.500000008800000	
0.512752482100000	0.000000002600000	0.500000006200000	
0.512744050100000	0.499999997600000	0.499999998200000	
0.261731429900000	0.250000950900000	0.246748656900000	
0.261731410900000	0.250000959800000	0.753251359100000	
0.261731439500000	0.749999049200000	0.246748660600000	
0.261731419500000	0.749999040200000	0.753251352300000	
0.761731435600000	0.250000950400000	0.246748690800000	
0.761731424500000	0.250000942000000	0.753251302000000	
0.761731435200000	0.749999049900000	0.246748685500000	
0.761731423900000	0.749999057900000	0.753251305800000	
0.233077743200000	0.999999999500000	0.236740954700000	
0.233077790800000	0.999999998500000	0.763259065300000	
0.233106845800000	0.500000000400000	0.236614219300000	
0.233106753600000	0.500000001400000	0.763385799900000	
0.733077749000000	0.000000000200000	0.236740994400000	
0.733077659700000	0.000000000100000	0.763258986500000	
0.733106876300000	0.499999999900000	0.236614215700000	
0.733106922200000	0.499999999800000	0.763385767800000	
0.215457787700000	0.249940091800000	0.000000008000000	
0.243147879800000	0.250068304600000	0.500000003900000	
0.215457835700000	0.750059908100000	0.000000008000000	
0.243147849400000	0.749931695300000	0.500000004200000	
0.715458157200000	0.249940071300000	0.999999994000000	
0.743147545400000	0.250068311800000	0.499999991600000	
0.715458124200000	0.750059928700000	0.999999994400000	
0.743147582500000	0.749931687900000	0.499999990200000	
0.997054960000000	0.250004252100000	0.252469517600000	
0.997054948100000	0.250004168200000	0.747530456800000	
0.997054963500000	0.749995748500000	0.252469461200000	
0.997054950400000	0.749995831800000	0.747530506500000	
0.497054958700000	0.250004250200000	0.252469147400000	
0.497054941600000	0.250004328100000	0.747530835500000	
0.497054962300000	0.749995749900000	0.252469185100000	
0.497054947400000	0.749995671000000	0.747530797300000	
******* Lattice unit vectors
8.463533805000001	0.000000000000000	0.000000000000000
0.000000000000000	8.261639805000000	0.000000000000000
0.000000000000000	0.000000000000000	8.237682932000000
******* Lattice lengths (A)
1.000 1.000 1.000
******* Ionic forces (eV/A)
0.000482081826873	-0.000000000000000	-0.000000257110308	
0.000147581316600	-0.000000257110308	-0.000000257110308	
0.000145267323831	0.000000000000000	0.000000257110308	
0.000484138709334	0.000000257110308	0.000000000000000	
-0.000465369656875	-0.000000000000000	-0.000000000000000	
-0.000364839526577	0.000000000000000	0.000000000000000	
-0.000463569884721	0.000000000000000	0.000000000000000	
-0.000363039754424	-0.000000000000000	0.000000000000000	
0.000094102372606	0.000049108068764	0.000037538104919	
0.000094616593221	0.000049108068764	-0.000037795215227	
0.000093588151990	-0.000049108068764	0.000037795215227	
0.000094616593221	-0.000049108068764	-0.000037795215227	
0.000095645034452	0.000049108068764	0.000037795215227	
0.000095645034452	0.000049108068764	-0.000037795215227	
0.000095645034452	-0.000049365179072	0.000037795215227	
0.000095387924144	-0.000049108068764	-0.000037795215227	
-0.000308532369199	-0.000000000000000	-0.000317788340275	
-0.000308018148583	0.000000000000000	0.000317788340275	
-0.000686998742082	0.000000000000000	0.000367410629654	
-0.000687770073005	-0.000000000000000	-0.000367410629654	
-0.000309046589814	0.000000000000000	-0.000317788340275	
-0.000309560810429	0.000000000000000	0.000317788340275	
-0.000688027183313	-0.000000000000000	0.000367410629654	
-0.000687512962698	-0.000000000000000	-0.000367410629654	
-0.000250425439666	0.000374095497653	-0.000000000000000	
-0.000310589251660	-0.000365610857500	-0.000000257110308	
-0.000250168329359	-0.000374095497653	-0.000000257110308	
-0.000310846361968	0.000365610857500	-0.000000514220615	
-0.000249654108743	0.000373838387346	0.000000000000000	
-0.000312389023814	-0.000365610857500	0.000000257110308	
-0.000249911219051	-0.000373838387346	-0.000000000000000	
-0.000311874803198	0.000365610857500	0.000000257110308	
0.000733792818077	0.000016712169998	-0.000130869146602	
0.000733535707770	0.000016197949383	0.000131126256909	
0.000733792818077	-0.000016712169998	-0.000131126256909	
0.000733792818077	-0.000016197949383	0.000131383367217	
0.000733535707770	0.000016455059691	-0.000132154698140	
0.000734049928385	0.000017226390614	0.000132411808448	
0.000733792818077	-0.000016455059691	-0.000131897587832	
0.000733792818077	-0.000017226390614	0.000131897587832	
******* Total energy (eV/supercell)
-27362.531646224371798
******* Stress (GPa)
-0.001000000000000	0.000000000000000	0.000000000000000	
0.000000000000000	-0.001000000000000	0.000000000000000	
0.000000000000000	0.000000000000000	0.002000000000000	
******* Weight 
10.000000000000000
******* Reduced ionic position : 25
0.074889095100000	0.999999978600000	0.999999998300000	
0.574885665300000	0.499999987300000	0.999999974500000	
0.074885593100000	0.500000021400000	0.000000058800000	
0.574889123400000	0.000000012900000	0.000000028500000	
0.012755364100000	0.000000000100000	0.500000001800000	
0.012746806400000	0.499999999900000	0.500000008700000	
0.512755293700000	0.000000002300000	0.500000006200000	
0.512746761600000	0.499999997900000	0.499999997500000	
0.261732347400000	0.250001047200000	0.246748314000000	
0.261732330500000	0.250001057200000	0.753251701200000	
0.261732357100000	0.749998952600000	0.246748319100000	
0.261732340100000	0.749998942900000	0.753251693800000	
0.761732358800000	0.250001047500000	0.246748347500000	
0.761732347200000	0.250001038100000	0.753251643500000	
0.761732357700000	0.749998952600000	0.246748341600000	
0.761732346500000	0.749998961800000	0.753251648400000	
0.233078132100000	0.999999998800000	0.236734595000000	
0.233078188400000	0.999999998800000	0.763265421400000	
0.233096997800000	0.500000001100000	0.236623256600000	
0.233096899700000	0.500000001300000	0.763376758900000	
0.733078133000000	0.000000000700000	0.236734644900000	
0.733078038600000	0.000000000200000	0.763265338400000	
0.733097021000000	0.499999999400000	0.236623258300000	
0.733097077000000	0.499999999700000	0.763376727800000	
0.215464313400000	0.249948627900000	0.000000008000000	
0.243142980700000	0.250063299900000	0.500000002900000	
0.215464365400000	0.750051372100000	0.000000007600000	
0.243142947600000	0.749936699900000	0.500000002200000	
0.715464695300000	0.249948605900000	0.999999994200000	
0.743142629900000	0.250063308800000	0.499999992800000	
0.715464657700000	0.750051394300000	0.999999994000000	
0.743142670000000	0.749936690900000	0.499999992300000	
0.997057229600000	0.250002249900000	0.252464838500000	
0.997057216400000	0.250002157500000	0.747535139200000	
0.997057232300000	0.749997750600000	0.252464777700000	
0.997057219800000	0.749997842700000	0.747535193900000	
0.497057221600000	0.250002245000000	0.252464442000000	
0.497057206300000	0.250002332100000	0.747535543800000	
0.497057226600000	0.749997754900000	0.252464485900000	
0.497057211700000	0.749997666900000	0.747535500500000	
******* Lattice unit vectors
8.463549709000000	0.000000000000000	0.000000000000000
0.000000000000000	8.261619085000000	0.000000000000000
0.000000000000000	0.000000000000000	8.237621823000000
******* Lattice lengths (A)
1.000 1.000 1.000
******* Ionic forces (eV/A)
0.000418318470572	-0.000000000000000	-0.000000257110308	
0.000188976076134	-0.000000000000000	-0.000000257110308	
0.000187176303981	0.000000000000000	0.000000000000000	
0.000419861132418	0.000000257110308	0.000000257110308	
-0.000508307078255	0.000000000000000	0.000000000000000	
-0.000369981732731	-0.000000000000000	0.000000000000000	
-0.000507278637024	0.000000000000000	0.000000000000000	
-0.000368953291500	-0.000000000000000	-0.000000000000000	
0.000257110307666	0.000082275298453	0.000053736054302	
0.000257367417973	0.000082275298453	-0.000053736054302	
0.000257110307666	-0.000082275298453	0.000053736054302	
0.000257367417973	-0.000082275298453	-0.000053736054302	
0.000257367417973	0.000082275298453	0.000054250274917	
0.000257624528281	0.000082275298453	-0.000053993164610	
0.000257367417973	-0.000082275298453	0.000054250274917	
0.000257624528281	-0.000082275298453	-0.000053993164610	
-0.000280507345663	0.000000000000000	-0.000220857754285	
-0.000279993125048	0.000000000000000	0.000220857754285	
-0.000403406072727	-0.000000000000000	0.000372552835807	
-0.000403920293343	-0.000000000000000	-0.000372552835807	
-0.000280507345663	-0.000000000000000	-0.000220857754285	
-0.000281278676586	-0.000000000000000	0.000220600643977	
-0.000403920293343	0.000000000000000	0.000372552835807	
-0.000403406072727	-0.000000000000000	-0.000372552835807	
-0.000407519837650	0.000280250235355	-0.000000257110308	
-0.000108243439527	-0.000409833830419	-0.000000000000000	
-0.000407262727342	-0.000280250235355	-0.000000257110308	
-0.000108757660143	0.000409833830419	-0.000000000000000	
-0.000405977175804	0.000279993125048	0.000000257110308	
-0.000110043211681	-0.000409576720111	0.000000000000000	
-0.000406234286112	-0.000279993125048	0.000000000000000	
-0.000109528991066	0.000409576720111	0.000000000000000	
0.000409576720111	0.000013626846306	-0.000077647312915	
0.000409833830419	0.000012855515383	0.000077647312915	
0.000409576720111	-0.000013626846306	-0.000077904423223	
0.000409576720111	-0.000012855515383	0.000077904423223	
0.000410862271650	0.000013369735999	-0.000078418643838	
0.000410862271650	0.000014141066922	0.000078675754146	
0.000410605161342	-0.000013369735999	-0.000078161533530	
0.000410862271650	-0.000014141066922	0.000078161533530	
******* Total energy (eV/supercell)
-27362.531646632538468
******* Stress (GPa)
-0.001000000000000	0.000000000000000	0.000000000000000	
0.000000000000000	-0.001000000000000	0.000000000000000	
0.000000000000000	0.000000000000000	0.004000000000000	
******* Weight 
10.000000000000000
******* Reduced ionic position : 26
0.074889095100000	0.999999978600000	0.999999998300000	
0.574885665300000	0.499999987300000	0.999999974500000	
0.074885593100000	0.500000021400000	0.000000058800000	
0.574889123400000	0.000000012900000	0.000000028500000	
0.012755364100000	0.000000000100000	0.500000001800000	
0.012746806400000	0.499999999900000	0.500000008700000	
0.512755293700000	0.000000002300000	0.500000006200000	
0.512746761600000	0.499999997900000	0.499999997500000	
0.261732347400000	0.250001047200000	0.246748314000000	
0.261732330500000	0.250001057200000	0.753251701200000	
0.261732357100000	0.749998952600000	0.246748319100000	
0.261732340100000	0.749998942900000	0.753251693800000	
0.761732358800000	0.250001047500000	0.246748347500000	
0.761732347200000	0.250001038100000	0.753251643500000	
0.761732357700000	0.749998952600000	0.246748341600000	
0.761732346500000	0.749998961800000	0.753251648400000	
0.233078132100000	0.999999998800000	0.236734595000000	
0.233078188400000	0.999999998800000	0.763265421400000	
0.233096997800000	0.500000001100000	0.236623256600000	
0.233096899700000	0.500000001300000	0.763376758900000	
0.733078133000000	0.000000000700000	0.236734644900000	
0.733078038600000	0.000000000200000	0.763265338400000	
0.733097021000000	0.499999999400000	0.236623258300000	
0.733097077000000	0.499999999700000	0.763376727800000	
0.215464313400000	0.249948627900000	0.000000008000000	
0.243142980700000	0.250063299900000	0.500000002900000	
0.215464365400000	0.750051372100000	0.000000007600000	
0.243142947600000	0.749936699900000	0.500000002200000	
0.715464695300000	0.249948605900000	0.999999994200000	
0.743142629900000	0.250063308800000	0.499999992800000	
0.715464657700000	0.750051394300000	0.999999994000000	
0.743142670000000	0.749936690900000	0.499999992300000	
0.997057229600000	0.250002249900000	0.252464838500000	
0.997057216400000	0.250002157500000	0.747535139200000	
0.997057232300000	0.749997750600000	0.252464777700000	
0.997057219800000	0.749997842700000	0.747535193900000	
0.497057221600000	0.250002245000000	0.252464442000000	
0.497057206300000	0.250002332100000	0.747535543800000	
0.497057226600000	0.749997754900000	0.252464485900000	
0.497057211700000	0.749997666900000	0.747535500500000	
******* Lattice unit vectors
8.463549709000000	0.000000000000000	0.000000000000000
0.000000000000000	8.261619085000000	0.000000000000000
0.000000000000000	0.000000000000000	8.237621823000000
******* Lattice lengths (A)
1.000 1.000 1.000
******* Ionic forces (eV/A)
0.000430659765340	-0.000000514220615	0.000000000000000	
0.000194889613210	0.000000000000000	-0.000000257110308	
0.000195918054441	-0.000001028441231	0.000001028441231	
0.000429888434417	0.000001028441231	0.000000514220615	
-0.000497251335025	-0.000000514220615	0.000000257110308	
-0.000357897548270	0.000000771330923	0.000000257110308	
-0.000498536886564	-0.000000000000000	0.000000257110308	
-0.000359697320424	-0.000000000000000	-0.000000000000000	
0.000305447045507	0.000090245717991	0.000067105790301	
0.000309303700122	0.000090759938606	-0.000066848679993	
0.000305447045507	-0.000089474387068	0.000064020466609	
0.000305189935199	-0.000089731497375	-0.000064791797532	
0.000317274119659	0.000091788379837	0.000066077349070	
0.000315988568121	0.000089731497375	-0.000065563128455	
0.000316759899044	-0.000091017048914	0.000067877121224	
0.000319331002121	-0.000090759938606	-0.000068391341839	
-0.000288477765201	0.000004113764923	-0.000252482322128	
-0.000284878220893	0.000004370875230	0.000252996542743	
-0.000411119381957	-0.000003342434000	0.000340156937042	
-0.000409062499496	-0.000002571103077	-0.000340156937042	
-0.000280764455971	-0.000005399316461	-0.000253253653051	
-0.000283849779663	-0.000004885095846	0.000252996542743	
-0.000407262727342	0.000000257110308	0.000340414047349	
-0.000406748506727	0.000003342434000	-0.000339899826734	
-0.000384637020268	0.000280250235355	0.000001028441231	
-0.000111585873527	-0.000409833830419	-0.000001285551538	
-0.000378466372884	-0.000281535786894	0.000000771330923	
-0.000106186557066	0.000407776947958	0.000000514220615	
-0.000374866828576	0.000281535786894	-0.000001028441231	
-0.000104901005528	-0.000407776947958	0.000000514220615	
-0.000381551696576	-0.000277936242586	-0.000003085323692	
-0.000107729218912	0.000408805389188	0.000000257110308	
0.000344270701964	0.000015426618460	-0.000084332180914	
0.000341442488580	0.000013883956614	0.000084846401530	
0.000335786061811	-0.000015169508152	-0.000086131953068	
0.000332957848427	-0.000014912397845	0.000085360622145	
0.000327558531966	0.000015169508152	-0.000085617732453	
0.000330900965966	0.000015940839075	0.000086389063376	
0.000336814503042	-0.000013626846306	-0.000086903283991	
0.000339899826734	-0.000014912397845	0.000085874842760	
******* Total energy (eV/supercell)
-27362.529976261670527
******* Stress (GPa)
0.006000000000000	0.000000000000000	0.000000000000000	
0.000000000000000	-0.020000000000000	0.000000000000000	
0.000000000000000	0.000000000000000	-0.005000000000000	
******* Weight 
10.000000000000000
